1 100 40
26 100 50
25 100 100
100 101 280
100 112 140
15 112 40
22 112 70
112 111 120
39 111 70
40 111 60
111 110 100
21 126 40
110 123 40
110 125 40
125 126 40
11 123 40
123 113 70
123 109 40
109 32 20
109 108 80
31 113 50
39 113 70
40 113 80
51 113 20
32 113 80
5 113 50
51 18 30
51 34 40
18 34 30
34 120 20
120 122 35
45 113 40
11 113 40
113 122 50
113 114 25
45 122 30
48 122 60
34 122 20
122 108 60
114 120 20
114 115 10
18 114 10
5 114 20
115 116 25
50 115 10
52 115 10
54 115 10
5 115 25
8 116 10
15 116 30
52 116 15
116 117 40
49 117 15
46 117 10
33 117 10
117 124 20
124 118 20
4 118 20
20 124 20
118 101 30
19 101 80
2 101 10
101 119 15
101 127 120
127 102 20
127 128 25
17 119 15
16 119 40
13 119 20
119 120 40
16 120 50
14 120 15
53 120 15
120 121 60
7 121 15
9 121 25
121 105 50
105 106 40
10 105 30
23 105 10
10 106 30
37 106 60
42 106 55
12 106 25
106 107 40
6 107 10
12 107 25
107 108 40
108 122 65
24 108 20
35 108 30
102 103 15
29 128 10
30 102 50
103 104 60
103 128 40
128 105 20
28 104 20
41 104 20
38 104 50
44 104 40
27 104 30
47 113 15
47 45 5